1000
2500
5000
7500
10000
25000
50000
75000
100000
250000
500000
750000
1000000
CPU
[0.3085651397705078, 0.15499091148376465, 0.18991565704345703, 0.24862957000732422, 0.21380209922790527, 0.5225417613983154, 1.5460710525512695, 2.6477770805358887, 3.469172239303589, 8.14043664932251, 16.767786026000977, 24.932130813598633, 33.43290638923645]
GPU
[1.8919997215270996, 0.1909465789794922, 0.20279169082641602, 0.21390795707702637, 0.22743463516235352, 0.2757391929626465, 0.44875407218933105, 0.5374529361724854, 0.670168399810791, 1.458404779434204, 2.879410982131958, 4.469933271408081, 6.222106218338013]
2
5
10
20
30
40
50
60
70
80
90
100
CPU
[0.20220637321472168, 0.46424412727355957, 1.367969274520874, 3.2308719158172607, 5.496781826019287, 7.710144996643066, 9.912987232208252, 12.254052877426147, 15.408113718032837, 19.12722373008728, 22.665265321731567, 23.74400544166565]
GPU
[0.15804791450500488, 0.21164464950561523, 0.34539198875427246, 0.6667704582214355, 1.0076138973236084, 1.3679897785186768, 1.6782348155975342, 2.1305298805236816, 2.567678213119507, 3.1211740970611572, 3.5667319297790527, 3.8734686374664307]

